<?xml version="1.0" encoding="utf-8"?>
<COLLADA xmlns:xsi="http://www.w3.org/2001/XMLSchema-instance" xmlns:xsd="http://www.w3.org/2001/XMLSchema" version="1.4.1" xmlns="http://www.collada.org/2005/11/COLLADASchema">
  <asset>
    <contributor>
      <author />
      <authoring_tool>Unity3D 3.5.7f6 - COLLADA exporter v1.3.0 alpha 1</authoring_tool>
      <comments />
      <copyright />
      <source_data />
    </contributor>
    <created>2013-03-05T17:09:40.496103-08:00</created>
    <modified>2013-03-05T17:09:40.496109-08:00</modified>
    <unit meter="1" />
    <up_axis>Y_UP</up_axis>
  </asset>
  <library_animations>
    <animation id="_3858_0">
      <source id="_3858_0-input">
        <float_array id="_3858_0-input-array" count="78">0.000000 0.033300 0.066600 0.100000 0.133300 0.166600 0.200000 0.233300 0.266600 0.300000 0.333300 0.366600 0.400000 0.433333 0.466633 0.499933 0.533333 0.566633 0.599933 0.633333 0.666633 0.699933 0.733333 0.766633 0.799933 0.833333 0.866667 0.899967 0.933267 0.966667 0.999967 1.033267 1.066667 1.099967 1.133267 1.166667 1.199967 1.233267 1.266667 1.300000 1.333300 1.366600 1.400000 1.433300 1.466600 1.500000 1.533300 1.566600 1.600000 1.633300 1.666600 1.700000 1.733333 1.766633 1.799933 1.833333 1.866633 1.899933 1.933333 1.966633 1.999933 2.033333 2.066633 2.099933 2.133333 2.166667 2.199967 2.233267 2.266667 2.299967 2.333267 2.366667 2.399967 2.433267 2.466667 2.499967 2.533267 2.566667</float_array>
        <technique_common>
          <accessor count="78" source="#_3858_0-input-array">
            <param name="TIME" type="float" />
          </accessor>
        </technique_common>
      </source>
      <source id="_3858_0-output">
        <float_array id="_3858_0-output-array" count="1248">

0.000000 0.000000 1.000000 0.000000 
1.000000 0.000000 0.000000 0.000000 
0.000000 1.000000 0.000000 0.370720 
0.000000 0.000000 0.000000 1.000000 

0.000000 0.000000 1.000000 0.000000 
1.000000 0.000000 0.000000 0.000000 
0.000000 1.000000 0.000000 0.487711 
0.000000 0.000000 0.000000 1.000000 

0.000000 0.000000 1.000000 0.000000 
1.000000 0.000000 0.000000 0.000000 
0.000000 1.000000 0.000000 0.745175 
0.000000 0.000000 0.000000 1.000000 

0.000000 0.000000 1.000000 0.000000 
1.000000 0.000000 0.000000 0.000000 
0.000000 1.000000 0.000000 1.003483 
0.000000 0.000000 0.000000 1.000000 

0.000000 0.000000 1.000000 0.000000 
1.000000 0.000000 0.000000 0.000000 
0.000000 1.000000 0.000000 1.120661 
0.000000 0.000000 0.000000 1.000000 

0.000000 0.000000 1.000000 0.000000 
1.000000 0.000000 0.000000 0.000000 
0.000000 1.000000 0.000000 1.088554 
0.000000 0.000000 0.000000 1.000000 

0.000000 0.000000 1.000000 0.000000 
1.000000 0.000000 0.000000 0.000000 
0.000000 1.000000 0.000000 1.003476 
0.000000 0.000000 0.000000 1.000000 

0.000000 0.000000 1.000000 0.000000 
1.000000 0.000000 0.000000 0.000000 
0.000000 1.000000 0.000000 0.883502 
0.000000 0.000000 0.000000 1.000000 

0.000000 0.000000 1.000000 0.000000 
1.000000 0.000000 0.000000 0.000000 
0.000000 1.000000 0.000000 0.745971 
0.000000 0.000000 0.000000 1.000000 

0.000000 0.000000 1.000000 0.000000 
1.000000 0.000000 0.000000 0.000000 
0.000000 1.000000 0.000000 0.608009 
0.000000 0.000000 0.000000 1.000000 

0.000000 0.000000 1.000000 0.000000 
1.000000 0.000000 0.000000 0.000000 
0.000000 1.000000 0.000000 0.488010 
0.000000 0.000000 0.000000 1.000000 

0.000000 0.000000 1.000000 0.000000 
1.000000 0.000000 0.000000 0.000000 
0.000000 1.000000 0.000000 0.403073 
0.000000 0.000000 0.000000 1.000000 

0.000000 0.000000 1.000000 0.000000 
1.000000 0.000000 0.000000 0.000000 
0.000000 1.000000 0.000000 0.370720 
0.000000 0.000000 0.000000 1.000000 

0.000000 0.000000 1.000000 0.000000 
1.000000 0.000000 0.000000 0.000000 
0.000000 1.000000 0.000000 0.370720 
0.000000 0.000000 0.000000 1.000000 

0.000000 0.000000 1.000000 0.000000 
1.000000 0.000000 0.000000 0.000000 
0.000000 1.000000 0.000000 0.487711 
0.000000 0.000000 0.000000 1.000000 

0.000000 0.000000 1.000000 0.000000 
1.000000 0.000000 0.000000 0.000000 
0.000000 1.000000 0.000000 0.745175 
0.000000 0.000000 0.000000 1.000000 

0.000000 0.000000 1.000000 0.000000 
1.000000 0.000000 0.000000 0.000000 
0.000000 1.000000 0.000000 1.003483 
0.000000 0.000000 0.000000 1.000000 

0.000000 0.000000 1.000000 0.000000 
1.000000 0.000000 0.000000 0.000000 
0.000000 1.000000 0.000000 1.120661 
0.000000 0.000000 0.000000 1.000000 

0.000000 0.000000 1.000000 0.000000 
1.000000 0.000000 0.000000 0.000000 
0.000000 1.000000 0.000000 1.088554 
0.000000 0.000000 0.000000 1.000000 

0.000000 0.000000 1.000000 0.000000 
1.000000 0.000000 0.000000 0.000000 
0.000000 1.000000 0.000000 1.003476 
0.000000 0.000000 0.000000 1.000000 

0.000000 0.000000 1.000000 0.000000 
1.000000 0.000000 0.000000 0.000000 
0.000000 1.000000 0.000000 0.883502 
0.000000 0.000000 0.000000 1.000000 

0.000000 0.000000 1.000000 0.000000 
1.000000 0.000000 0.000000 0.000000 
0.000000 1.000000 0.000000 0.745971 
0.000000 0.000000 0.000000 1.000000 

0.000000 0.000000 1.000000 0.000000 
1.000000 0.000000 0.000000 0.000000 
0.000000 1.000000 0.000000 0.608009 
0.000000 0.000000 0.000000 1.000000 

0.000000 0.000000 1.000000 0.000000 
1.000000 0.000000 0.000000 0.000000 
0.000000 1.000000 0.000000 0.488010 
0.000000 0.000000 0.000000 1.000000 

0.000000 0.000000 1.000000 0.000000 
1.000000 0.000000 0.000000 0.000000 
0.000000 1.000000 0.000000 0.403073 
0.000000 0.000000 0.000000 1.000000 

0.000000 0.000000 1.000000 0.000000 
1.000000 0.000000 0.000000 0.000000 
0.000000 1.000000 0.000000 0.370720 
0.000000 0.000000 0.000000 1.000000 

0.000000 0.000000 1.000000 0.000000 
1.000000 0.000000 0.000000 0.000000 
0.000000 1.000000 0.000000 0.359360 
0.000000 0.000000 0.000000 1.000000 

0.000000 0.000000 1.000000 0.012040 
1.000000 0.000000 0.000000 0.000000 
0.000000 1.000000 0.000000 0.370848 
0.000000 0.000000 0.000000 1.000000 

0.000000 0.000000 1.000000 0.020849 
1.000000 0.000000 0.000000 0.000000 
0.000000 1.000000 0.000000 0.392154 
0.000000 0.000000 0.000000 1.000000 

0.000000 0.000000 1.000000 0.024290 
1.000000 0.000000 0.000000 0.000000 
0.000000 1.000000 0.000000 0.403695 
0.000000 0.000000 0.000000 1.000000 

0.000000 0.000000 1.000000 0.020815 
1.000000 0.000000 0.000000 0.000000 
0.000000 1.000000 0.000000 0.392075 
0.000000 0.000000 0.000000 1.000000 

0.000000 0.000000 1.000000 0.012069 
1.000000 0.000000 0.000000 0.000000 
0.000000 1.000000 0.000000 0.370901 
0.000000 0.000000 0.000000 1.000000 

0.000000 0.000000 1.000000 0.000000 
1.000000 0.000000 0.000000 0.000000 
0.000000 1.000000 0.000000 0.359360 
0.000000 0.000000 0.000000 1.000000 

0.000000 0.000000 1.000000 -0.012040 
1.000000 0.000000 0.000000 0.000000 
0.000000 1.000000 0.000000 0.370848 
0.000000 0.000000 0.000000 1.000000 

0.000000 0.000000 1.000000 -0.020871 
1.000000 0.000000 0.000000 0.000000 
0.000000 1.000000 0.000000 0.392226 
0.000000 0.000000 0.000000 1.000000 

0.000000 0.000000 1.000000 -0.024290 
1.000000 0.000000 0.000000 0.000000 
0.000000 1.000000 0.000000 0.403695 
0.000000 0.000000 0.000000 1.000000 

0.000000 0.000000 1.000000 -0.020870 
1.000000 0.000000 0.000000 0.000000 
0.000000 1.000000 0.000000 0.392208 
0.000000 0.000000 0.000000 1.000000 

0.000000 0.000000 1.000000 -0.011994 
1.000000 0.000000 0.000000 0.000000 
0.000000 1.000000 0.000000 0.370830 
0.000000 0.000000 0.000000 1.000000 

0.000000 0.000000 1.000000 0.000000 
1.000000 0.000000 0.000000 0.000000 
0.000000 1.000000 0.000000 0.359360 
0.000000 0.000000 0.000000 1.000000 

0.000000 0.000000 1.000000 0.000000 
1.000000 0.000000 0.000000 0.000000 
0.000000 1.000000 0.000000 0.359360 
0.000000 0.000000 0.000000 1.000000 

0.000000 0.000000 1.000000 -0.012040 
1.000000 0.000000 0.000000 0.000000 
0.000000 1.000000 0.000000 0.370848 
0.000000 0.000000 0.000000 1.000000 

0.000000 0.000000 1.000000 -0.020849 
1.000000 0.000000 0.000000 0.000000 
0.000000 1.000000 0.000000 0.392154 
0.000000 0.000000 0.000000 1.000000 

0.000000 0.000000 1.000000 -0.024290 
1.000000 0.000000 0.000000 0.000000 
0.000000 1.000000 0.000000 0.403695 
0.000000 0.000000 0.000000 1.000000 

0.000000 0.000000 1.000000 -0.020870 
1.000000 0.000000 0.000000 0.000000 
0.000000 1.000000 0.000000 0.392208 
0.000000 0.000000 0.000000 1.000000 

0.000000 0.000000 1.000000 -0.012069 
1.000000 0.000000 0.000000 0.000000 
0.000000 1.000000 0.000000 0.370902 
0.000000 0.000000 0.000000 1.000000 

0.000000 0.000000 1.000000 0.000000 
1.000000 0.000000 0.000000 0.000000 
0.000000 1.000000 0.000000 0.359360 
0.000000 0.000000 0.000000 1.000000 

0.000000 0.000000 1.000000 0.012040 
1.000000 0.000000 0.000000 0.000000 
0.000000 1.000000 0.000000 0.370848 
0.000000 0.000000 0.000000 1.000000 

0.000000 0.000000 1.000000 0.020849 
1.000000 0.000000 0.000000 0.000000 
0.000000 1.000000 0.000000 0.392154 
0.000000 0.000000 0.000000 1.000000 

0.000000 0.000000 1.000000 0.024290 
1.000000 0.000000 0.000000 0.000000 
0.000000 1.000000 0.000000 0.403695 
0.000000 0.000000 0.000000 1.000000 

0.000000 0.000000 1.000000 0.020870 
1.000000 0.000000 0.000000 0.000000 
0.000000 1.000000 0.000000 0.392208 
0.000000 0.000000 0.000000 1.000000 

0.000000 0.000000 1.000000 0.012069 
1.000000 0.000000 0.000000 0.000000 
0.000000 1.000000 0.000000 0.370902 
0.000000 0.000000 0.000000 1.000000 

0.000000 0.000000 1.000000 0.000000 
1.000000 0.000000 0.000000 0.000000 
0.000000 1.000000 0.000000 0.359360 
0.000000 0.000000 0.000000 1.000000 

0.000000 0.000000 1.000000 0.000000 
1.000000 0.000000 0.000000 0.000000 
0.000000 1.000000 0.000000 0.359360 
0.000000 0.000000 0.000000 1.000000 

0.000000 0.000000 1.000000 0.000000 
1.000000 0.000000 0.000000 -0.012040 
0.000000 1.000000 0.000000 0.370848 
0.000000 0.000000 0.000000 1.000000 

0.000000 0.000000 1.000000 0.000000 
1.000000 0.000000 0.000000 -0.020849 
0.000000 1.000000 0.000000 0.392154 
0.000000 0.000000 0.000000 1.000000 

0.000000 0.000000 1.000000 0.000000 
1.000000 0.000000 0.000000 -0.024290 
0.000000 1.000000 0.000000 0.403695 
0.000000 0.000000 0.000000 1.000000 

0.000000 0.000000 1.000000 0.000000 
1.000000 0.000000 0.000000 -0.020871 
0.000000 1.000000 0.000000 0.392208 
0.000000 0.000000 0.000000 1.000000 

0.000000 0.000000 1.000000 0.000000 
1.000000 0.000000 0.000000 -0.012069 
0.000000 1.000000 0.000000 0.370902 
0.000000 0.000000 0.000000 1.000000 

0.000000 0.000000 1.000000 0.000000 
1.000000 0.000000 0.000000 0.000000 
0.000000 1.000000 0.000000 0.359360 
0.000000 0.000000 0.000000 1.000000 

0.000000 0.000000 1.000000 0.000000 
1.000000 0.000000 0.000000 0.012040 
0.000000 1.000000 0.000000 0.370848 
0.000000 0.000000 0.000000 1.000000 

0.000000 0.000000 1.000000 0.000000 
1.000000 0.000000 0.000000 0.020849 
0.000000 1.000000 0.000000 0.392154 
0.000000 0.000000 0.000000 1.000000 

0.000000 0.000000 1.000000 0.000000 
1.000000 0.000000 0.000000 0.024290 
0.000000 1.000000 0.000000 0.403695 
0.000000 0.000000 0.000000 1.000000 

0.000000 0.000000 1.000000 0.000000 
1.000000 0.000000 0.000000 0.020870 
0.000000 1.000000 0.000000 0.392208 
0.000000 0.000000 0.000000 1.000000 

0.000000 0.000000 1.000000 0.000000 
1.000000 0.000000 0.000000 0.012069 
0.000000 1.000000 0.000000 0.370902 
0.000000 0.000000 0.000000 1.000000 

0.000000 0.000000 1.000000 0.000000 
1.000000 0.000000 0.000000 0.000000 
0.000000 1.000000 0.000000 0.359360 
0.000000 0.000000 0.000000 1.000000 

0.000000 0.000000 1.000000 0.000000 
1.000000 0.000000 0.000000 0.000000 
0.000000 1.000000 0.000000 0.359360 
0.000000 0.000000 0.000000 1.000000 

0.000000 0.000000 1.000000 0.000000 
1.000000 0.000000 0.000000 -0.012040 
0.000000 1.000000 0.000000 0.370848 
0.000000 0.000000 0.000000 1.000000 

0.000000 0.000000 1.000000 0.000000 
1.000000 0.000000 0.000000 -0.020849 
0.000000 1.000000 0.000000 0.392154 
0.000000 0.000000 0.000000 1.000000 

0.000000 0.000000 1.000000 0.000000 
1.000000 0.000000 0.000000 -0.024290 
0.000000 1.000000 0.000000 0.403695 
0.000000 0.000000 0.000000 1.000000 

0.000000 0.000000 1.000000 0.000000 
1.000000 0.000000 0.000000 -0.020871 
0.000000 1.000000 0.000000 0.392208 
0.000000 0.000000 0.000000 1.000000 

0.000000 0.000000 1.000000 0.000000 
1.000000 0.000000 0.000000 -0.012069 
0.000000 1.000000 0.000000 0.370902 
0.000000 0.000000 0.000000 1.000000 

0.000000 0.000000 1.000000 0.000000 
1.000000 0.000000 0.000000 0.000000 
0.000000 1.000000 0.000000 0.359360 
0.000000 0.000000 0.000000 1.000000 

0.000000 0.000000 1.000000 0.000000 
1.000000 0.000000 0.000000 0.012040 
0.000000 1.000000 0.000000 0.370848 
0.000000 0.000000 0.000000 1.000000 

0.000000 0.000000 1.000000 0.000000 
1.000000 0.000000 0.000000 0.020849 
0.000000 1.000000 0.000000 0.392154 
0.000000 0.000000 0.000000 1.000000 

0.000000 0.000000 1.000000 0.000000 
1.000000 0.000000 0.000000 0.024290 
0.000000 1.000000 0.000000 0.403695 
0.000000 0.000000 0.000000 1.000000 

0.000000 0.000000 1.000000 0.000000 
1.000000 0.000000 0.000000 0.020870 
0.000000 1.000000 0.000000 0.392208 
0.000000 0.000000 0.000000 1.000000 

0.000000 0.000000 1.000000 0.000000 
1.000000 0.000000 0.000000 0.012069 
0.000000 1.000000 0.000000 0.370902 
0.000000 0.000000 0.000000 1.000000 

0.000000 0.000000 1.000000 0.000000 
1.000000 0.000000 0.000000 0.000000 
0.000000 1.000000 0.000000 0.359360 
0.000000 0.000000 0.000000 1.000000</float_array>
        <technique_common>
          <accessor count="78" source="#_3858_0-output-array" stride="16">
            <param name="TRANSFORM" type="float4x4" />
          </accessor>
        </technique_common>
      </source>
      <source id="_3858_0-interpolation">
        <Name_array id="_3858_0-interpolation-array" count="78">LINEAR LINEAR LINEAR LINEAR LINEAR LINEAR LINEAR LINEAR LINEAR LINEAR LINEAR LINEAR LINEAR LINEAR LINEAR LINEAR LINEAR LINEAR LINEAR LINEAR LINEAR LINEAR LINEAR LINEAR LINEAR LINEAR LINEAR LINEAR LINEAR LINEAR LINEAR LINEAR LINEAR LINEAR LINEAR LINEAR LINEAR LINEAR LINEAR LINEAR LINEAR LINEAR LINEAR LINEAR LINEAR LINEAR LINEAR LINEAR LINEAR LINEAR LINEAR LINEAR LINEAR LINEAR LINEAR LINEAR LINEAR LINEAR LINEAR LINEAR LINEAR LINEAR LINEAR LINEAR LINEAR LINEAR LINEAR LINEAR LINEAR LINEAR LINEAR LINEAR LINEAR LINEAR LINEAR LINEAR LINEAR LINEAR </Name_array>
        <technique_common>
          <accessor count="78" source="#_3858_0-interpolation-array">
            <param name="INTERPOLATION" type="name" />
          </accessor>
        </technique_common>
      </source>
      <sampler id="_3858_0-sampler">
        <input semantic="INPUT" source="#_3858_0-input" />
        <input semantic="OUTPUT" source="#_3858_0-output" />
        <input semantic="INTERPOLATION" source="#_3858_0-interpolation" />
      </sampler>
      <channel source="#_3858_0-sampler" target="_-1236436/matrix" />
    </animation>
    <animation id="_3858_1">
      <source id="_3858_1-input">
        <float_array id="_3858_1-input-array" count="78">0.000000 0.033300 0.066600 0.100000 0.133300 0.166600 0.200000 0.233300 0.266600 0.300000 0.333300 0.366600 0.400000 0.433333 0.466633 0.499933 0.533333 0.566633 0.599933 0.633333 0.666633 0.699933 0.733333 0.766633 0.799933 0.833333 0.866667 0.899967 0.933267 0.966667 0.999967 1.033267 1.066667 1.099967 1.133267 1.166667 1.199967 1.233267 1.266667 1.300000 1.333300 1.366600 1.400000 1.433300 1.466600 1.500000 1.533300 1.566600 1.600000 1.633300 1.666600 1.700000 1.733333 1.766633 1.799933 1.833333 1.866633 1.899933 1.933333 1.966633 1.999933 2.033333 2.066633 2.099933 2.133333 2.166667 2.199967 2.233267 2.266667 2.299967 2.333267 2.366667 2.399967 2.433267 2.466667 2.499967 2.533267 2.566667</float_array>
        <technique_common>
          <accessor count="78" source="#_3858_1-input-array">
            <param name="TIME" type="float" />
          </accessor>
        </technique_common>
      </source>
      <source id="_3858_1-output">
        <float_array id="_3858_1-output-array" count="1248">

-1.000000 -0.000038 -0.000114 0.000000 
-0.000114 0.003884 0.999992 -0.103399 
-0.000038 0.999992 -0.003884 -0.365942 
0.000000 0.000000 0.000000 1.000000 

-1.000000 -0.000055 -0.000005 0.000000 
-0.000040 0.654787 0.755814 -0.103399 
-0.000038 0.755814 -0.654787 -0.365942 
0.000000 0.000000 0.000000 1.000000 

-1.000000 -0.000002 0.000061 0.000000 
0.000007 0.990837 0.135062 -0.103399 
-0.000061 0.135062 -0.990837 -0.365942 
0.000000 0.000000 0.000000 1.000000 

-1.000000 0.000042 0.000074 0.000000 
0.000007 0.907343 -0.420392 -0.103399 
-0.000085 -0.420392 -0.907343 -0.365942 
0.000000 0.000000 0.000000 1.000000 

-1.000000 0.000063 0.000075 0.000000 
-0.000007 0.719151 -0.694854 -0.103399 
-0.000097 -0.694854 -0.719151 -0.365942 
0.000000 0.000000 0.000000 1.000000 

-1.000000 0.000040 0.000071 0.000000 
0.000012 0.932191 -0.361966 -0.103399 
-0.000080 -0.361966 -0.932191 -0.365942 
0.000000 0.000000 0.000000 1.000000 

-1.000000 0.000003 0.000042 0.000000 
0.000016 0.949240 0.314554 -0.103399 
-0.000039 0.314554 -0.949240 -0.365942 
0.000000 0.000000 0.000000 1.000000 

-1.000000 -0.000003 0.000007 0.000000 
0.000003 0.638354 0.769742 -0.103399 
-0.000007 0.769742 -0.638354 -0.365942 
0.000000 0.000000 0.000000 1.000000 

-1.000000 0.000010 0.000019 0.000000 
0.000019 0.796605 0.604500 -0.103399 
-0.000009 0.604500 -0.796605 -0.365942 
0.000000 0.000000 0.000000 1.000000 

-1.000000 0.000017 0.000030 0.000000 
0.000027 0.924950 0.380089 -0.103399 
-0.000021 0.380089 -0.924950 -0.365942 
0.000000 0.000000 0.000000 1.000000 

-1.000000 0.000010 0.000018 0.000000 
0.000019 0.799431 0.600757 -0.103399 
-0.000008 0.600757 -0.799431 -0.365942 
0.000000 0.000000 0.000000 1.000000 

-1.000000 0.000007 0.000009 0.000000 
0.000012 0.690591 0.723246 -0.103399 
-0.000001 0.723246 -0.690591 -0.365942 
0.000000 0.000000 0.000000 1.000000 

-1.000000 -0.000182 0.000078 0.000000 
-0.000058 0.646414 0.762987 -0.103399 
-0.000189 0.762987 -0.646414 -0.365942 
0.000000 0.000000 0.000000 1.000000 

-1.000000 -0.000038 -0.000114 0.000000 
-0.000114 0.003884 0.999992 -0.103399 
-0.000038 0.999992 -0.003884 -0.365942 
0.000000 0.000000 0.000000 1.000000 

-1.000000 -0.000055 -0.000005 0.000000 
-0.000040 0.654787 0.755814 -0.103399 
-0.000038 0.755814 -0.654787 -0.365942 
0.000000 0.000000 0.000000 1.000000 

-1.000000 -0.000002 0.000061 0.000000 
0.000007 0.990837 0.135062 -0.103399 
-0.000061 0.135062 -0.990837 -0.365942 
0.000000 0.000000 0.000000 1.000000 

-1.000000 0.000042 0.000074 0.000000 
0.000007 0.907343 -0.420392 -0.103399 
-0.000085 -0.420392 -0.907343 -0.365942 
0.000000 0.000000 0.000000 1.000000 

-1.000000 0.000063 0.000075 0.000000 
-0.000007 0.719151 -0.694854 -0.103399 
-0.000097 -0.694854 -0.719151 -0.365942 
0.000000 0.000000 0.000000 1.000000 

-1.000000 0.000040 0.000071 0.000000 
0.000012 0.932191 -0.361966 -0.103399 
-0.000080 -0.361966 -0.932191 -0.365942 
0.000000 0.000000 0.000000 1.000000 

-1.000000 0.000003 0.000042 0.000000 
0.000016 0.949240 0.314554 -0.103399 
-0.000039 0.314554 -0.949240 -0.365942 
0.000000 0.000000 0.000000 1.000000 

-1.000000 -0.000003 0.000007 0.000000 
0.000003 0.638354 0.769742 -0.103399 
-0.000007 0.769742 -0.638354 -0.365942 
0.000000 0.000000 0.000000 1.000000 

-1.000000 0.000010 0.000019 0.000000 
0.000019 0.796605 0.604500 -0.103399 
-0.000009 0.604500 -0.796605 -0.365942 
0.000000 0.000000 0.000000 1.000000 

-1.000000 0.000017 0.000030 0.000000 
0.000027 0.924950 0.380089 -0.103399 
-0.000021 0.380089 -0.924950 -0.365942 
0.000000 0.000000 0.000000 1.000000 

-1.000000 0.000010 0.000018 0.000000 
0.000019 0.799431 0.600757 -0.103399 
-0.000008 0.600757 -0.799431 -0.365942 
0.000000 0.000000 0.000000 1.000000 

-1.000000 0.000007 0.000009 0.000000 
0.000012 0.690591 0.723246 -0.103399 
-0.000001 0.723246 -0.690591 -0.365942 
0.000000 0.000000 0.000000 1.000000 

-1.000000 -0.000182 0.000078 0.000000 
-0.000058 0.646414 0.762987 -0.103399 
-0.000189 0.762987 -0.646414 -0.365942 
0.000000 0.000000 0.000000 1.000000 

-0.933010 -0.359847 0.001302 0.000000 
-0.064396 0.170524 0.983247 -0.103399 
-0.354040 0.917296 -0.182273 -0.365942 
0.000000 0.000000 0.000000 1.000000 

-0.886100 -0.458350 0.068866 0.000000 
-0.184183 0.484554 0.855151 -0.103399 
-0.425328 0.745065 -0.513784 -0.365942 
0.000000 0.000000 0.000000 1.000000 

-0.934108 -0.356732 0.013582 0.000000 
-0.180987 0.506026 0.843316 -0.103399 
-0.307710 0.785290 -0.537247 -0.365942 
0.000000 0.000000 0.000000 1.000000 

-0.973426 -0.226051 -0.036642 0.000000 
-0.148083 0.499300 0.853681 -0.103399 
-0.174680 0.836422 -0.519505 -0.365942 
0.000000 0.000000 0.000000 1.000000 

-0.995001 -0.077742 -0.062682 0.000000 
-0.091785 0.464598 0.880752 -0.103399 
-0.039349 0.882103 -0.469411 -0.365942 
0.000000 0.000000 0.000000 1.000000 

-0.995822 0.078079 -0.047356 0.000000 
-0.010551 0.416730 0.908969 -0.103399 
0.090706 0.905671 -0.414164 -0.365942 
0.000000 0.000000 0.000000 1.000000 

-0.972580 0.232008 -0.016110 0.000000 
0.079948 0.398585 0.913640 -0.103399 
0.218393 0.887301 -0.406204 -0.365942 
0.000000 0.000000 0.000000 1.000000 

-0.927713 0.373054 -0.013385 0.000000 
0.167399 0.447803 0.878322 -0.103399 
0.333656 0.812590 -0.477881 -0.365942 
0.000000 0.000000 0.000000 1.000000 

-0.879913 0.472532 -0.049664 0.000000 
0.220855 0.499313 0.837800 -0.103399 
0.420686 0.726223 -0.543713 -0.365942 
0.000000 0.000000 0.000000 1.000000 

-0.928563 0.366050 0.061462 0.000000 
0.155426 0.233090 0.959954 -0.103399 
0.337065 0.900931 -0.273332 -0.365942 
0.000000 0.000000 0.000000 1.000000 

-0.986570 0.125728 0.104272 0.000000 
0.105331 0.001783 0.994436 -0.103399 
0.124842 0.992063 -0.015002 -0.365942 
0.000000 0.000000 0.000000 1.000000 

-0.992870 -0.115059 0.031151 0.000000 
0.018741 0.107405 0.994039 -0.103399 
-0.117719 0.987535 -0.104483 -0.365942 
0.000000 0.000000 0.000000 1.000000 

-0.933010 -0.359846 0.001302 0.000000 
-0.064396 0.170524 0.983247 -0.103399 
-0.354040 0.917296 -0.182273 -0.365942 
0.000000 0.000000 0.000000 1.000000 

-0.933010 -0.359847 0.001302 0.000000 
-0.064397 0.170525 0.983247 -0.103399 
-0.354041 0.917296 -0.182275 -0.365942 
0.000000 0.000000 0.000000 1.000000 

-0.992624 -0.116539 0.033405 0.000000 
0.019634 0.117372 0.992894 -0.103399 
-0.119632 0.986226 -0.114218 -0.365942 
0.000000 0.000000 0.000000 1.000000 

-0.986719 0.124666 0.104132 0.000000 
0.107517 0.020720 0.993987 -0.103399 
0.121759 0.991982 -0.033849 -0.365942 
0.000000 0.000000 0.000000 1.000000 

-0.928563 0.366050 0.061461 0.000000 
0.155427 0.233091 0.959954 -0.103399 
0.337065 0.900930 -0.273334 -0.365942 
0.000000 0.000000 0.000000 1.000000 

-0.879480 0.473287 -0.050150 0.000000 
0.221641 0.500537 0.836862 -0.103399 
0.421178 0.724888 -0.545112 -0.365942 
0.000000 0.000000 0.000000 1.000000 

-0.927566 0.373417 -0.013439 0.000000 
0.167611 0.447952 0.878206 -0.103399 
0.333957 0.812341 -0.478094 -0.365942 
0.000000 0.000000 0.000000 1.000000 

-0.972580 0.232008 -0.016110 0.000000 
0.079948 0.398586 0.913640 -0.103399 
0.218393 0.887300 -0.406206 -0.365942 
0.000000 0.000000 0.000000 1.000000 

-0.995903 0.079744 -0.042641 0.000000 
-0.005675 0.415497 0.909577 -0.103399 
0.090251 0.906092 -0.413342 -0.365942 
0.000000 0.000000 0.000000 1.000000 

-0.995494 -0.076112 -0.056559 0.000000 
-0.085686 0.466538 0.880341 -0.103399 
-0.040618 0.881220 -0.470958 -0.365942 
0.000000 0.000000 0.000000 1.000000 

-0.973906 -0.224032 -0.036277 0.000000 
-0.147844 0.505008 0.850358 -0.103399 
-0.172187 0.833532 -0.524952 -0.365942 
0.000000 0.000000 0.000000 1.000000 

-0.934244 -0.356381 0.013422 0.000000 
-0.180930 0.506061 0.843307 -0.103399 
-0.307331 0.785426 -0.537265 -0.365942 
0.000000 0.000000 0.000000 1.000000 

-0.885950 -0.458624 0.068969 0.000000 
-0.184488 0.484943 0.854865 -0.103399 
-0.425508 0.744644 -0.514246 -0.365942 
0.000000 0.000000 0.000000 1.000000 

-0.933010 -0.359847 0.001302 0.000000 
-0.064397 0.170526 0.983247 -0.103399 
-0.354041 0.917295 -0.182275 -0.365942 
0.000000 0.000000 0.000000 1.000000 

-0.999030 0.019342 0.039562 0.000000 
0.043861 0.517436 0.854597 -0.103399 
-0.003941 0.855504 -0.517782 -0.365942 
0.000000 0.000000 0.000000 1.000000 

-0.997614 -0.009454 0.068386 0.000000 
0.067451 0.077647 0.994697 -0.103399 
-0.014713 0.996936 -0.076824 -0.365942 
0.000000 0.000000 0.000000 1.000000 

-0.999097 -0.022971 0.035754 0.000000 
0.034106 0.068493 0.997068 -0.103399 
-0.025352 0.997387 -0.067648 -0.365942 
0.000000 0.000000 0.000000 1.000000 

-0.999351 -0.035925 0.002722 0.000000 
0.000608 0.058726 0.998274 -0.103399 
-0.036023 0.997627 -0.058666 -0.365942 
0.000000 0.000000 0.000000 1.000000 

-0.998372 -0.048227 -0.030462 0.000000 
-0.032787 0.048173 0.998301 -0.103399 
-0.046678 0.997674 -0.049676 -0.365942 
0.000000 0.000000 0.000000 1.000000 

-0.999602 -0.020075 -0.019816 0.000000 
-0.021692 0.098010 0.994949 -0.103399 
-0.018032 0.994983 -0.098407 -0.365942 
0.000000 0.000000 0.000000 1.000000 

-0.999447 0.010768 -0.031468 0.000000 
-0.028994 0.181450 0.982973 -0.103399 
0.016294 0.983341 -0.181037 -0.365942 
0.000000 0.000000 0.000000 1.000000 

-0.998498 0.024004 -0.049259 0.000000 
-0.038503 0.332305 0.942386 -0.103399 
0.038990 0.942867 -0.330881 -0.365942 
0.000000 0.000000 0.000000 1.000000 

-0.998080 0.022402 -0.057739 0.000000 
-0.038932 0.498104 0.866243 -0.103399 
0.048165 0.866828 -0.496275 -0.365942 
0.000000 0.000000 0.000000 1.000000 

-0.998842 0.016245 -0.045290 0.000000 
-0.024729 0.634121 0.772838 -0.103399 
0.041274 0.773063 -0.632985 -0.365942 
0.000000 0.000000 0.000000 1.000000 

-0.999654 0.014388 -0.022043 0.000000 
-0.004076 0.742693 0.669620 -0.103399 
0.026006 0.669478 -0.742377 -0.365942 
0.000000 0.000000 0.000000 1.000000 

-0.999772 0.021215 0.002565 0.000000 
0.019040 0.829863 0.557642 -0.103399 
0.009702 0.557563 -0.830078 -0.365942 
0.000000 0.000000 0.000000 1.000000 

-0.999030 0.019342 0.039562 0.000000 
0.043861 0.517436 0.854597 -0.103399 
-0.003941 0.855503 -0.517782 -0.365942 
0.000000 0.000000 0.000000 1.000000 

-0.998662 -0.025278 0.045114 0.000000 
0.045148 -0.000773 0.998980 -0.103399 
-0.025218 0.999680 0.001914 -0.365942 
0.000000 0.000000 0.000000 1.000000 

-0.998662 -0.025280 0.045105 0.000000 
0.045139 -0.000787 0.998980 -0.103399 
-0.025218 0.999680 0.001927 -0.365942 
0.000000 0.000000 0.000000 1.000000 

-0.997638 -0.022555 0.064890 0.000000 
0.064316 0.025279 0.997609 -0.103399 
-0.024141 0.999426 -0.023769 -0.365942 
0.000000 0.000000 0.000000 1.000000 

-0.998932 -0.009294 0.045268 0.000000 
0.031342 0.583604 0.811434 -0.103399 
-0.033960 0.811985 -0.582689 -0.365942 
0.000000 0.000000 0.000000 1.000000 

-0.999708 -0.007286 0.023037 0.000000 
0.005570 0.858254 0.513194 -0.103399 
-0.023511 0.513173 -0.857963 -0.365942 
0.000000 0.000000 0.000000 1.000000 

-0.999773 -0.019736 -0.008007 0.000000 
-0.019856 0.727653 0.685658 -0.103399 
-0.007706 0.685661 -0.727880 -0.365942 
0.000000 0.000000 0.000000 1.000000 

-0.999000 -0.012834 -0.042823 0.000000 
-0.042435 0.573533 0.818083 -0.103399 
0.014061 0.819082 -0.573504 -0.365942 
0.000000 0.000000 0.000000 1.000000 

-0.998298 0.011236 -0.057223 0.000000 
-0.045501 0.463664 0.884842 -0.103399 
0.036475 0.885940 -0.462364 -0.365942 
0.000000 0.000000 0.000000 1.000000 

-0.998210 0.036957 -0.047023 0.000000 
-0.029290 0.383414 0.923112 -0.103399 
0.052145 0.922837 -0.381645 -0.365942 
0.000000 0.000000 0.000000 1.000000 

-0.998615 0.050505 -0.014761 0.000000 
0.001133 0.301121 0.953585 -0.103399 
0.052606 0.952248 -0.300761 -0.365942 
0.000000 0.000000 0.000000 1.000000 

-0.998789 0.046513 0.016014 0.000000 
0.022764 0.148428 0.988661 -0.103399 
0.043608 0.987829 -0.149307 -0.365942 
0.000000 0.000000 0.000000 1.000000 

-0.999229 0.027074 0.028439 0.000000 
0.028212 -0.008733 0.999564 -0.103399 
0.027310 0.999595 0.007963 -0.365942 
0.000000 0.000000 0.000000 1.000000 

-0.998662 -0.025278 0.045114 0.000000 
0.045148 -0.000773 0.998980 -0.103399 
-0.025218 0.999680 0.001914 -0.365942 
0.000000 0.000000 0.000000 1.000000</float_array>
        <technique_common>
          <accessor count="78" source="#_3858_1-output-array" stride="16">
            <param name="TRANSFORM" type="float4x4" />
          </accessor>
        </technique_common>
      </source>
      <source id="_3858_1-interpolation">
        <Name_array id="_3858_1-interpolation-array" count="78">LINEAR LINEAR LINEAR LINEAR LINEAR LINEAR LINEAR LINEAR LINEAR LINEAR LINEAR LINEAR LINEAR LINEAR LINEAR LINEAR LINEAR LINEAR LINEAR LINEAR LINEAR LINEAR LINEAR LINEAR LINEAR LINEAR LINEAR LINEAR LINEAR LINEAR LINEAR LINEAR LINEAR LINEAR LINEAR LINEAR LINEAR LINEAR LINEAR LINEAR LINEAR LINEAR LINEAR LINEAR LINEAR LINEAR LINEAR LINEAR LINEAR LINEAR LINEAR LINEAR LINEAR LINEAR LINEAR LINEAR LINEAR LINEAR LINEAR LINEAR LINEAR LINEAR LINEAR LINEAR LINEAR LINEAR LINEAR LINEAR LINEAR LINEAR LINEAR LINEAR LINEAR LINEAR LINEAR LINEAR LINEAR LINEAR </Name_array>
        <technique_common>
          <accessor count="78" source="#_3858_1-interpolation-array">
            <param name="INTERPOLATION" type="name" />
          </accessor>
        </technique_common>
      </source>
      <sampler id="_3858_1-sampler">
        <input semantic="INPUT" source="#_3858_1-input" />
        <input semantic="OUTPUT" source="#_3858_1-output" />
        <input semantic="INTERPOLATION" source="#_3858_1-interpolation" />
      </sampler>
      <channel source="#_3858_1-sampler" target="_-1236438/matrix" />
    </animation>
    <animation id="_3858_2">
      <source id="_3858_2-input">
        <float_array id="_3858_2-input-array" count="78">0.000000 0.033300 0.066600 0.100000 0.133300 0.166600 0.200000 0.233300 0.266600 0.300000 0.333300 0.366600 0.400000 0.433333 0.466633 0.499933 0.533333 0.566633 0.599933 0.633333 0.666633 0.699933 0.733333 0.766633 0.799933 0.833333 0.866667 0.899967 0.933267 0.966667 0.999967 1.033267 1.066667 1.099967 1.133267 1.166667 1.199967 1.233267 1.266667 1.300000 1.333300 1.366600 1.400000 1.433300 1.466600 1.500000 1.533300 1.566600 1.600000 1.633300 1.666600 1.700000 1.733333 1.766633 1.799933 1.833333 1.866633 1.899933 1.933333 1.966633 1.999933 2.033333 2.066633 2.099933 2.133333 2.166667 2.199967 2.233267 2.266667 2.299967 2.333267 2.366667 2.399967 2.433267 2.466667 2.499967 2.533267 2.566667</float_array>
        <technique_common>
          <accessor count="78" source="#_3858_2-input-array">
            <param name="TIME" type="float" />
          </accessor>
        </technique_common>
      </source>
      <source id="_3858_2-output">
        <float_array id="_3858_2-output-array" count="1248">

1.000000 -0.000074 -0.000252 0.000000 
0.000252 0.003882 0.999992 -0.103399 
-0.000073 -0.999992 0.003882 0.365943 
0.000000 0.000000 0.000000 1.000000 

1.000000 -0.000056 -0.000006 0.000000 
0.000041 0.654787 0.755813 -0.103399 
-0.000038 -0.755813 0.654787 0.365943 
0.000000 0.000000 0.000000 1.000000 

1.000000 -0.000002 0.000061 0.000000 
-0.000006 0.990837 0.135062 -0.103399 
-0.000060 -0.135062 0.990837 0.365943 
0.000000 0.000000 0.000000 1.000000 

1.000000 0.000042 0.000075 0.000000 
-0.000007 0.907343 -0.420391 -0.103399 
-0.000086 0.420391 0.907343 0.365943 
0.000000 0.000000 0.000000 1.000000 

1.000000 0.000063 0.000074 0.000000 
0.000006 0.719151 -0.694854 -0.103399 
-0.000097 0.694854 0.719151 0.365943 
0.000000 0.000000 0.000000 1.000000 

1.000000 -0.000255 0.000238 0.000000 
0.000324 0.932428 -0.361355 -0.103399 
-0.000130 0.361355 0.932428 0.365943 
0.000000 0.000000 0.000000 1.000000 

1.000000 0.000002 0.000042 0.000000 
-0.000015 0.948776 0.315948 -0.103399 
-0.000039 -0.315948 0.948776 0.365943 
0.000000 0.000000 0.000000 1.000000 

1.000000 -0.000003 0.000007 0.000000 
-0.000003 0.639815 0.768529 -0.103399 
-0.000007 -0.768529 0.639815 0.365943 
0.000000 0.000000 0.000000 1.000000 

1.000000 0.000010 0.000019 0.000000 
-0.000019 0.801428 0.598092 -0.103399 
-0.000009 -0.598092 0.801428 0.365943 
0.000000 0.000000 0.000000 1.000000 

1.000000 0.000016 0.000029 0.000000 
-0.000026 0.931268 0.364335 -0.103399 
-0.000021 -0.364335 0.931268 0.365943 
0.000000 0.000000 0.000000 1.000000 

1.000000 0.000010 0.000018 0.000000 
-0.000019 0.809103 0.587666 -0.103399 
-0.000009 -0.587666 0.809103 0.365943 
0.000000 0.000000 0.000000 1.000000 

1.000000 0.000006 0.000010 0.000000 
-0.000011 0.702683 0.711503 -0.103399 
-0.000002 -0.711503 0.702683 0.365943 
0.000000 0.000000 0.000000 1.000000 

1.000000 0.000005 0.000007 0.000000 
-0.000009 0.659454 0.751745 -0.103399 
0.000000 -0.751745 0.659454 0.365943 
0.000000 0.000000 0.000000 1.000000 

1.000000 -0.000074 -0.000252 0.000000 
0.000252 0.003882 0.999992 -0.103399 
-0.000073 -0.999992 0.003882 0.365943 
0.000000 0.000000 0.000000 1.000000 

1.000000 -0.000056 -0.000006 0.000000 
0.000041 0.654787 0.755813 -0.103399 
-0.000038 -0.755813 0.654787 0.365943 
0.000000 0.000000 0.000000 1.000000 

1.000000 -0.000002 0.000061 0.000000 
-0.000006 0.990837 0.135062 -0.103399 
-0.000060 -0.135062 0.990837 0.365943 
0.000000 0.000000 0.000000 1.000000 

1.000000 0.000042 0.000075 0.000000 
-0.000007 0.907343 -0.420391 -0.103399 
-0.000086 0.420391 0.907343 0.365943 
0.000000 0.000000 0.000000 1.000000 

1.000000 0.000063 0.000074 0.000000 
0.000006 0.719151 -0.694854 -0.103399 
-0.000097 0.694854 0.719151 0.365943 
0.000000 0.000000 0.000000 1.000000 

1.000000 -0.000255 0.000238 0.000000 
0.000324 0.932428 -0.361355 -0.103399 
-0.000130 0.361355 0.932428 0.365943 
0.000000 0.000000 0.000000 1.000000 

1.000000 0.000002 0.000042 0.000000 
-0.000015 0.948776 0.315948 -0.103399 
-0.000039 -0.315948 0.948776 0.365943 
0.000000 0.000000 0.000000 1.000000 

1.000000 -0.000003 0.000007 0.000000 
-0.000003 0.639815 0.768529 -0.103399 
-0.000007 -0.768529 0.639815 0.365943 
0.000000 0.000000 0.000000 1.000000 

1.000000 0.000010 0.000019 0.000000 
-0.000019 0.801428 0.598092 -0.103399 
-0.000009 -0.598092 0.801428 0.365943 
0.000000 0.000000 0.000000 1.000000 

1.000000 0.000016 0.000029 0.000000 
-0.000026 0.931268 0.364335 -0.103399 
-0.000021 -0.364335 0.931268 0.365943 
0.000000 0.000000 0.000000 1.000000 

1.000000 0.000010 0.000018 0.000000 
-0.000019 0.809103 0.587666 -0.103399 
-0.000009 -0.587666 0.809103 0.365943 
0.000000 0.000000 0.000000 1.000000 

1.000000 0.000006 0.000010 0.000000 
-0.000011 0.702683 0.711503 -0.103399 
-0.000002 -0.711503 0.702683 0.365943 
0.000000 0.000000 0.000000 1.000000 

1.000000 0.000005 0.000007 0.000000 
-0.000009 0.659454 0.751745 -0.103399 
0.000000 -0.751745 0.659454 0.365943 
0.000000 0.000000 0.000000 1.000000 

0.972580 0.232007 -0.016110 0.000000 
-0.079947 0.398584 0.913640 -0.103399 
0.218393 -0.887301 0.406203 0.365943 
0.000000 0.000000 0.000000 1.000000 

0.927713 0.373054 -0.013386 0.000000 
-0.167398 0.447802 0.878323 -0.103399 
0.333656 -0.812591 0.477880 0.365943 
0.000000 0.000000 0.000000 1.000000 

0.879481 0.473271 -0.050279 0.000000 
-0.221673 0.500823 0.836683 -0.103399 
0.421158 -0.724701 0.545375 0.365943 
0.000000 0.000000 0.000000 1.000000 

0.928563 0.366050 0.061461 0.000000 
-0.155425 0.233088 0.959954 -0.103399 
0.337066 -0.900931 0.273331 0.365943 
0.000000 0.000000 0.000000 1.000000 

0.986869 0.123723 0.103832 0.000000 
-0.102879 -0.014084 0.994594 -0.103399 
0.124516 -0.992217 -0.001170 0.365943 
0.000000 0.000000 0.000000 1.000000 

0.992873 -0.115596 0.028985 0.000000 
-0.017502 0.099141 0.994919 -0.103399 
-0.117883 -0.988336 0.096411 0.365943 
0.000000 0.000000 0.000000 1.000000 

0.933010 -0.359847 0.001301 0.000000 
0.064398 0.170524 0.983247 -0.103399 
-0.354041 -0.917296 0.182274 0.365943 
0.000000 0.000000 0.000000 1.000000 

0.885940 -0.458651 0.068921 0.000000 
0.184295 0.484492 0.855163 -0.103399 
-0.425612 -0.744921 0.513757 0.365943 
0.000000 0.000000 0.000000 1.000000 

0.934418 -0.355932 0.013255 0.000000 
0.180764 0.505962 0.843402 -0.103399 
-0.306900 -0.785694 0.537120 0.365943 
0.000000 0.000000 0.000000 1.000000 

0.973399 -0.226142 -0.036810 0.000000 
0.148303 0.499413 0.853576 -0.103399 
-0.174646 -0.836329 0.519665 0.365943 
0.000000 0.000000 0.000000 1.000000 

0.994920 -0.078706 -0.062764 0.000000 
0.092328 0.464968 0.880500 -0.103399 
-0.040117 -0.881822 0.469872 0.365943 
0.000000 0.000000 0.000000 1.000000 

0.995792 0.077070 -0.049586 0.000000 
0.013297 0.413843 0.910251 -0.103399 
0.090674 -0.907080 0.411077 0.365943 
0.000000 0.000000 0.000000 1.000000 

0.972580 0.232007 -0.016121 0.000000 
-0.079937 0.398584 0.913641 -0.103399 
0.218397 -0.887301 0.406201 0.365943 
0.000000 0.000000 0.000000 1.000000 

0.972580 0.232007 -0.016122 0.000000 
-0.079937 0.398586 0.913641 -0.103399 
0.218397 -0.887300 0.406203 0.365943 
0.000000 0.000000 0.000000 1.000000 

0.995825 0.076550 -0.049732 0.000000 
0.013639 0.413910 0.910216 -0.103399 
0.090261 -0.907094 0.411137 0.365943 
0.000000 0.000000 0.000000 1.000000 

0.995149 -0.077684 -0.060357 0.000000 
0.089635 0.463193 0.881713 -0.103399 
-0.040538 -0.882846 0.467910 0.365943 
0.000000 0.000000 0.000000 1.000000 

0.973906 -0.224032 -0.036278 0.000000 
0.147845 0.505008 0.850358 -0.103399 
-0.172187 -0.833533 0.524952 0.365943 
0.000000 0.000000 0.000000 1.000000 

0.934244 -0.356382 0.013421 0.000000 
0.180930 0.506061 0.843307 -0.103399 
-0.307331 -0.785426 0.537265 0.365943 
0.000000 0.000000 0.000000 1.000000 

0.885950 -0.458624 0.068969 0.000000 
0.184488 0.484942 0.854865 -0.103399 
-0.425508 -0.744644 0.514246 0.365943 
0.000000 0.000000 0.000000 1.000000 

0.933010 -0.359848 0.001301 0.000000 
0.064398 0.170526 0.983247 -0.103399 
-0.354041 -0.917295 0.182275 0.365943 
0.000000 0.000000 0.000000 1.000000 

0.989835 -0.138682 0.031533 0.000000 
-0.032766 -0.006616 0.999441 -0.103399 
-0.138396 -0.990315 -0.011093 0.365943 
0.000000 0.000000 0.000000 1.000000 

0.989883 0.114403 0.083922 0.000000 
-0.098687 0.130189 0.986566 -0.103399 
0.101941 -0.984867 0.140162 0.365943 
0.000000 0.000000 0.000000 1.000000 

0.928563 0.366050 0.061460 0.000000 
-0.155425 0.233091 0.959954 -0.103399 
0.337065 -0.900931 0.273333 0.365943 
0.000000 0.000000 0.000000 1.000000 

0.879480 0.473287 -0.050151 0.000000 
-0.221640 0.500537 0.836862 -0.103399 
0.421178 -0.724888 0.545111 0.365943 
0.000000 0.000000 0.000000 1.000000 

0.927566 0.373417 -0.013440 0.000000 
-0.167610 0.447953 0.878206 -0.103399 
0.333957 -0.812341 0.478094 0.365943 
0.000000 0.000000 0.000000 1.000000 

0.972581 0.232008 -0.016111 0.000000 
-0.079948 0.398586 0.913640 -0.103399 
0.218393 -0.887300 0.406205 0.365943 
0.000000 0.000000 0.000000 1.000000 

0.998999 -0.012839 -0.042840 0.000000 
0.042453 0.573533 0.818082 -0.103399 
0.014067 -0.819082 0.573504 0.365943 
0.000000 0.000000 0.000000 1.000000 

0.997821 -0.022878 -0.061883 0.000000 
0.065460 0.460353 0.885319 -0.103399 
0.008234 -0.887441 0.460847 0.365943 
0.000000 0.000000 0.000000 1.000000 

0.997877 -0.029446 -0.058098 0.000000 
0.064964 0.385538 0.920402 -0.103399 
-0.004703 -0.922222 0.386633 0.365943 
0.000000 0.000000 0.000000 1.000000 

0.998533 -0.034503 -0.041740 0.000000 
0.050220 0.301533 0.952132 -0.103399 
-0.020266 -0.952831 0.302823 0.365943 
0.000000 0.000000 0.000000 1.000000 

0.998988 -0.036297 -0.026577 0.000000 
0.031691 0.148497 0.988405 -0.103399 
-0.031930 -0.988247 0.149497 0.365943 
0.000000 0.000000 0.000000 1.000000 

0.999577 -0.023882 -0.016616 0.000000 
0.016743 0.005119 0.999847 -0.103399 
-0.023793 -0.999702 0.005517 0.365943 
0.000000 0.000000 0.000000 1.000000 

0.999893 -0.005830 0.013417 0.000000 
-0.013172 0.040185 0.999105 -0.103399 
-0.006364 -0.999175 0.040104 0.365943 
0.000000 0.000000 0.000000 1.000000 

0.999014 0.014195 0.042065 0.000000 
-0.043005 0.074176 0.996317 -0.103399 
0.011023 -0.997144 0.074714 0.365943 
0.000000 0.000000 0.000000 1.000000 

0.996939 0.036120 0.069338 0.000000 
-0.072826 0.106424 0.991650 -0.103399 
0.028439 -0.993665 0.108729 0.365943 
